estrada_x=100
estrada_largura=700

carro=130,0,0,255,0
carro=230,-30,0,0,255
carro=330,-60,255,255,0
carro=430,-90,255,0,255
carro=530,-120,0,255,255
carro=630,-150,255,140,0
carro=730,-180,100,255,100
carro=130,-210,100,100,255
carro=230,-240,255,200,0
carro=330,-270,200,0,255

carro=430,-300,0,200,255
carro=530,-330,200,200,0
carro=630,-360,255,255,255
carro=730,-390,120,120,120
carro=130,-420,255,150,50
carro=230,-450,50,150,255
carro=330,-480,255,50,150
carro=430,-510,150,255,50
carro=530,-540,50,255,150
carro=630,-570,0,180,180

carro=730,-600,180,0,180
carro=130,-630,180,180,0
carro=230,-660,100,50,200
carro=330,-690,50,200,100
carro=430,-720,200,100,50
carro=530,-750,80,180,255
carro=630,-780,255,100,200
carro=730,-810,120,255,120
carro=130,-840,120,120,255
carro=230,-870,240,240,100

carro=330,-900,150,50,150
carro=430,-930,50,150,150
carro=530,-960,255,180,80
carro=630,-990,180,255,80
carro=730,-1020,80,255,180
carro=130,-1050,0,100,200
carro=230,-1080,0,200,100
carro=330,-1110,200,200,100
carro=430,-1140,100,0,200
carro=530,-1170,200,0,100

carro=630,-1200,0,120,240
carro=730,-1230,0,240,120
carro=130,-1260,240,120,0
carro=230,-1290,150,150,255
carro=330,-1320,150,255,150
carro=430,-1350,255,150,255
carro=530,-1380,255,255,150
carro=630,-1410,150,255,255
carro=730,-1440,180,120,60
carro=130,-1470,60,180,120

carro=230,-1500,120,60,180
carro=330,-1530,90,180,90
carro=430,-1560,90,90,180
carro=530,-1590,180,180,90
carro=630,-1620,180,90,180
carro=730,-1650,90,180,180
carro=130,-1680,200,220,255
carro=230,-1710,220,255,200
carro=330,-1740,255,200,220
carro=430,-1770,200,200,200

carro=530,-1800,100,100,100
carro=630,-1830,255,215,0
carro=730,-1840,0,255,127
carro=130,-1870,0,191,255
carro=230,-1900,138,43,226
carro=330,-1930,218,112,214
carro=430,-1960,127,255,0
carro=530,-1990,255,165,0
carro=630,-2020,0,255,255
carro=730,-2050,240,230,140
