estrada_x=100
estrada_largura=700

carro=130,0,255,0,0
carro=230,-30,0,255,0
carro=330,-60,0,0,255
carro=430,-90,255,255,0
carro=530,-120,255,0,255
carro=630,-150,0,255,255
carro=730,-180,255,128,0

carro=130,-240,128,0,255
carro=230,-270,255,255,255
carro=330,-300,128,128,128
carro=430,-330,255,100,100
carro=530,-360,100,255,100
carro=630,-390,100,100,255
carro=730,-420,255,200,0

carro=130,-480,200,0,200
carro=230,-510,0,200,200
carro=330,-540,200,200,0
carro=430,-570,150,50,255
carro=530,-600,255,50,150
carro=630,-630,50,255,150
carro=730,-660,150,255,50

carro=130,-720,255,150,50
carro=230,-750,50,150,255
carro=330,-780,220,220,220
carro=430,-810,80,80,80
carro=530,-840,255,50,50
carro=630,-870,50,255,50
carro=730,-900,50,50,255

carro=130,-960,255,255,100
carro=230,-990,255,100,255
carro=330,-1020,100,255,255
carro=430,-1050,180,120,60
carro=530,-1080,60,180,120
carro=630,-1110,120,60,180
carro=730,-1140,240,180,50

carro=130,-1200,255,80,80
carro=330,-1260,80,255,80
carro=530,-1320,80,80,255
carro=730,-1380,255,255,255